2019   1  2    -4
2019   1  3    -2
2019   1  4     1
2019   1  5    -3
2019   1  6    -6
2019   1  7   -12
2019   4  5     1
2019   4  6     7
2019   4  7     8
2019   4  8     8
2019   4  9     2
2019   4 10    -1
2019   4 23     4
2019   5  0   -13
2019   5  1   -12
2019   5  2   -10
2019   5  3   -18
2019   5  4   -15
2019   5  5   -10
2019   5  6    -7
2019   5  7    -9
2019   5  8   -13
2019   5  9   -12
2019   5 10    -5
2019   5 22   -14
2019   5 23   -13
2019   6  0   -10
2019   6  1    -9
2019   6  2   -10
2019   6 10    -7
2019   6 11    -4
2019   6 12    -6
2019   6 16    -7
2019   6 17    -7
2019   6 18   -10
2019   8  8    -1
2019   8  9    -3
2019   8 10    -3
2019   8 20     3
2019   8 21     3
2019   8 22     2
2019   8 23     0
2019   9  0     2
2019   9 11     3
2019   9 12     3
2019  10 13     3
2019  10 14     2
2019  10 15     5
2019  10 16     7
2019  10 17     9
2019  10 18     6
2019  10 19     6
2019  10 20     6
2019  10 21     3
2019  10 22     1
2019  10 23     1
2019  11  0     2
2019  11  1     5
2019  11  3     1
2019  11  4     6
2019  11  6     4
2019  11  7     0
2019  11  8    -4
2019  11  9    -3
2019  11 11    -4
2019  14  0    14
2019  14  1    15
2019  14  2    15
2019  14  3    18
2019  14  4    17
2019  14  5    16
2019  14  6    14
2019  14  7    11
2019  14  8     5
2019  14 16     9
2019  14 17     7
2019  14 18     7
2019  14 22    14
2019  14 23    14
2019  15  0     8
2019  15  1     6
2019  15  2     4
2019  15  3     2
2019  15  4     2
2019  15  5    -1
2019  15  6     2
2019  15  7     6
2019  15  8    12
2019  15  9    10
2019  15 10     8
2019  15 11     3
2019  15 12     0
2019  15 13     0
2019  15 14     5
2019  15 15     5
2019  15 16     3
2019  15 17     0
2019  15 18     4
2019  15 19     9
2019  15 20     8
2019  15 21     9
2019  15 22     7
2019  15 23     7
2019  16  0     6
2019  16  1     5
2019  16  2     5
2019  16  3     6
2019  16  4     6
2019  16  5    -3
2019  16  8    -2
2019  16  9     1
2019  16 10    -1
2019  16 11    -1
2019  16 12    -2
2019  16 13    -2
2019  16 14     0
2019  16 18    -2
2019  16 19    -5
2019  16 20   -15
2019  16 21   -20
2019  16 22   -19
2019  16 23   -20
2019  17  0   -15
2019  17  1   -11
2019  17  2    -9
2019  17  3   -10
2019  17  4   -12
2019  17  5   -10
2019  17  6    -9
2019  17  7    -4
2019  17  8     1
2019  17  9     4
2019  17 10     4
2019  17 11    -1
2019  17 12    -3
2019  17 13    -6
2019  17 14    -6
2019  17 15    -9
2019  17 16   -10
2019  17 17   -12
2019  17 18   -15
2019  17 19   -11
2019  17 20    -5
2019  17 22    -3
2019  17 23    -5
2019  18  0    -7
2019  18  8    -1
2019  18  9    -1
2019  18 10    -4
2019  18 11    -6
2019  20 20    -1
2019  20 21    -3
2019  22 14     9
2019  22 15     9
2019  22 16     6
2019  22 17     6
2019  22 18     3
2019  22 19    -2
2019  22 23     4
2019  23  0    11
2019  23  1    12
2019  23  2    11
2019  23  3     9
2019  23  4     7
2019  23  5     7
2019  23  6     0
2019  23  7    -4
2019  23  9     3
2019  23 10    -7
2019  23 11    -8
2019  23 13     0
2019  23 14    -4
2019  23 15    -1
2019  23 17     8
2019  23 18    13
2019  23 19    13
2019  23 20    10
2019  23 21     5
2019  23 22     3
2019  23 23     0
2019  24  0    10
2019  24  1    10
2019  24  2    11
2019  24  3     4
2019  24  4    -7
2019  24  5   -14
2019  24  7   -14
2019  24  8    -9
2019  24  9    -7
2019  24 10    -3
2019  24 11    -1
2019  24 12     0
2019  24 13     1
2019  24 14     0
2019  24 15     4
2019  24 16     4
2019  24 17     0
2019  24 18   -15
2019  24 19   -17
2019  24 20   -11
2019  24 21    -8
2019  24 22    -7
2019  24 23    -2
2019  25  0     1
2019  25  1     2
2019  27 14    -4
2019  31  5    21
2019  31  6    14
2019  31  7    13
2019  31  8    13
2019  31  9    15
2019  31 10    14
2019  31 11     8
2019  31 16    -9
2019  31 17   -10
2019  31 18     0
2019  31 20     5
2019  31 21    -5
2019  31 22   -21
2019  31 23   -15
2019  32  0    -9
2019  32  1    -4
2019  32  2    -6
2019  32  3   -17
2019  32  4   -22
2019  32  5   -27
2019  32  6   -24
2019  32  7   -31
2019  32  8   -31
2019  32  9   -24
2019  32 16   -30
2019  32 17   -30
2019  32 18   -27
2019  32 19   -23
2019  32 20   -18
2019  32 21   -19
2019  32 22   -15
2019  32 23   -14
2019  33  0   -14
2019  33  1   -16
2019  33  2   -14
2019  33  3   -19
2019  33  4   -21
2019  33  5   -20
2019  33  6   -17
2019  33  7   -26
2019  33  8   -32
2019  33 12   -22
2019  33 13   -21
2019  33 14   -23
2019  33 15   -26
2019  33 18   -21
2019  33 19   -15
2019  35 13   -21
2019  35 21   -17
2019  35 22   -21
2019  35 23   -21
2019  36  0   -13
2019  36  1    -8
2019  36  2    -6
2019  36  3   -11
2019  36  4   -13
2019  36  5   -12
2019  36  6   -16
2019  36  7   -17
2019  36 18   -11
2019  36 19   -14
2019  36 20   -16
2019  36 21   -15
2019  36 22   -14
2019  36 23   -10
2019  37  0    -5
2019  37  1    -2
2019  37  2    -3
2019  37  3    -8
2019  37  4    -9
2019  37  5    -6
2019  37  6    -3
2019  37  7    -7
2019  37  8   -12
2019  37  9   -11
2019  37 10   -13
2019  37 11   -17
2019  37 12   -24
2019  37 13   -20
2019  37 17   -12
2019  37 18   -16
2019  37 19   -13
2019  37 20   -17
2019  37 21   -15
2019  37 22   -14
2019  37 23   -15
2019  38  0   -13
2019  38  1   -13
2019  38 23   -23
2019  39  0   -16
2019  39  1   -11
2019  39  2   -11
2019  39  3   -14
2019  39  4   -14
2019  39  5   -13
2019  39  6   -12
2019  39  7   -16
2019  39  8   -17
2019  39 10   -22
2019  39 11   -16
2019  39 12   -11
2019  39 15   -10
2019  39 17   -12
2019  39 18   -10
2019  39 19   -10
2019  39 20   -13
2019  39 21   -17
2019  39 22   -18
2019  39 23   -15
2019  40  0   -15
2019  40  1   -13
2019  40  2   -13
2019  40  3   -10
2019  40  4   -11
2019  40  5    -9
2019  40  6   -11
2019  40  7   -12
2019  40  8   -15
2019  40  9   -18
2019  40 10   -15
2019  40 11    -9
2019  40 12    -6
2019  40 13    -5
2019  40 14    -4
2019  40 17   -12
2019  42  8    -4
2019  42  9    -3
2019  42 10    -3
2019  42 11    -7
2019  42 12    -3
2019  42 13    -2
2019  42 14    -4
2019  42 15   -13
2019  42 16   -15
2019  42 17   -15
2019  42 20   -12
2019  42 21   -10
2019  42 22   -10
2019  42 23   -10
2019  43  0    -5
2019  43  1    -6
2019  43  2    -8
2019  43  3   -12
2019  43  4   -13
2019  43  5    -9
2019  43  6    -5
2019  43  7    -6
2019  43  8    -8
2019  43  9    -5
2019  43 10    -3
2019  43 11     0
2019  43 12     0
2019  43 13    -5
2019  43 14    -8
2019  43 15    -8
2019  43 16   -10
2019  43 17    -9
2019  43 18    -9
2019  43 19    -8
2019  43 21    -6
2019  43 22   -10
2019  44  5    -4
2019  44  6    -5
2019  44  7   -10
2019  44  8   -11
2019  44  9   -11
2019  44 10   -20
2019  44 11   -22
2019  44 12   -25
2019  44 13   -24
2019  44 14   -19
2019  44 16   -17
2019  44 17   -17
2019  44 18   -16
2019  45  1    -8
2019  47 18   -11
2019  48 16    -5
2019  48 22     5
2019  48 23     5
2019  49  0     5
2019  49  1     4
2019  49  2     0
2019  49  3    -7
2019  49  5    -8
2019  49  6    -6
2019  49 17   -11
2019  49 18   -11
2019  51 22    -6
2019  51 23    -5
2019  52  0    -4
2019  52  1    -7
2019  52  2    -5
2019  52  3    -4
2019  52  4    -2
2019  52  5    -2
2019  52  6    -1
2019  52  7    -6
2019  52  8    -4
2019  52  9    -2
2019  52 10    -2
2019  52 11    -3
2019  52 12    -2
2019  52 13    -3
2019  52 14     0
2019  52 15     3
2019  52 16     0
2019  52 20    -1
2019  52 21    -3
2019  52 22   -12
2019  52 23   -16
2019  56  9     6
2019  56 10     6
2019  58 14     6
2019  58 15     3
2019  58 16    -2
2019  58 17   -15
2019  58 18   -20
2019  58 19   -17
2019  58 20   -13
2019  58 21   -10
2019  58 22   -25
2019  58 23   -23
2019  59  0   -13
2019  59  1    -8
2019  59  2   -17
2019  59  3   -19
2019  59  4   -16
2019  59  5   -15
2019  59  6   -19
2019  59  7   -18
2019  59  8   -17
2019  59  9   -19
2019  59 10   -17
2019  59 11   -16
2019  59 12   -17
2019  59 13   -20
2019  59 14   -21
2019  59 15   -21
2019  59 16   -21
2019  59 17   -20
2019  59 18   -29
2019  59 19   -41
2019  59 20   -39
2019  59 21   -35
2019  59 22   -31
2019  59 23   -29
2019  60  0   -28
2019  60  1   -29
2019  60  2   -27
2019  60  3   -22
2019  60  4   -25
2019  60  5   -24
2019  60  6   -23
2019  60  9   -18
2019  60 12   -15
2019  60 13    -9
2019  60 14   -11
2019  60 15   -18
2019  60 16   -22
2019  60 17   -23
2019  60 18   -26
2019  60 19   -29
2019  60 20   -31
2019  61  2   -18
2019  61  3   -16
2019  61  4   -20
2019  61  5   -23
2019  61  6   -22
2019  61  7   -23
2019  63  5   -22
2019  63  6   -22
2019  63  7   -22
2019  63  8   -23
2019  63  9   -20
2019  63 10   -23
2019  63 11   -23
2019  63 12   -20
2019  63 13   -17
2019  63 14   -19
2019  63 21   -15
2019  63 22   -16
2019  63 23   -19
2019  64 11    -7
2019  64 12    -5
2019  64 13    -4
2019  64 14    -7
2019  64 18    -8
2019  64 22   -12
2019  64 23   -11
2019  65  0   -11
2019  65  1   -10
2019  65  2    -7
2019  65  3    -4
2019  65  4    -2
2019  65  5    -2
2019  65  6   -10
2019  65  7    -8
2019  65  8    -4
2019  65  9     0
2019  65 10     4
2019  65 11     8
2019  65 12     4
2019  65 13     1
2019  65 14    -2
2019  65 21   -18
2019  65 22   -15
2019  65 23   -13
2019  66  0   -10
2019  66  1   -11
2019  66  2    -9
2019  66  3    -5
2019  66  4    -2
2019  66  5    -1
2019  66  6    -1
2019  66  7    -1
2019  66  8     2
2019  66  9     4
2019  66 10     4
2019  66 11     7
2019  66 12     5
2019  66 13     3
2019  66 14    -4
2019  66 15   -12
2019  66 16   -20
2019  66 17   -20
2019  66 18   -10
2019  66 19   -11
2019  66 21   -15
2019  66 22   -17
2019  66 23   -19
2019  67  0   -16
2019  67  1   -14
2019  67  2   -12
2019  68  4     5
2019  68  5     5
2019  68  6     2
2019  68  7    -1
2019  68  9    -7
2019  68 10    -5
2019  68 11    -3
2019  68 12    -2
2019  68 13    -4
2019  70  0     1
2019  70  1     1
2019  70  2     1
2019  70  3     1
2019  70  4    -1
2019  70 14    -2
2019  70 15    -1
2019  70 16     0
2019  70 17     1
2019  70 18    -1
2019  70 19    -1
2019  70 20    -2
2019  70 21     0
2019  70 22     0
2019  70 23     0
2019  71  0     2
2019  71  1     6
2019  71  2     3
2019  71  3     5
2019  71  4     5
2019  71  5     6
2019  71  6     4
2019  71  7    -7
2019  71  8   -19
2019  71  9   -24
2019  71 10   -22
2019  71 11   -17
2019  71 12   -16
2019  71 13   -15
2019  71 14   -17
2019  71 15   -17
2019  73  1    -3
2019  73  2    -1
2019  73  3     1
2019  73  8    -6
2019  73 10    -2
2019  73 19    -5
2019  73 20    -9
2019  73 22    -3
2019  73 23    -5
2019  74  0    -8
2019  74  1    -5
2019  74  2    -4
2019  74  3   -10
2019  74  4   -18
2019  74  5   -17
2019  74  6   -13
2019  74  7    -5
2019  74  8    -4
2019  74  9    -3
2019  74 10    -4
2019  74 11    -2
2019  74 12    -2
2019  74 13    -1
2019  74 14    -2
2019  74 15    -6
2019  74 16    -9
2019  74 17   -12
2019  74 18   -13
2019  74 19   -10
2019  74 20    -8
2019  74 21    -6
2019  74 22    -4
2019  74 23    -3
2019  75  0    -5
2019  75  1    -2
2019  75  2     0
2019  75  3    -2
2019  75  4    -4
2019  75  5    -5
2019  75  6    -4
2019  75  7    -7
2019  75  8    -9
2019  75  9   -12
2019  75 10   -12
2019  75 11   -13
2019  75 12    -4
2019  75 13    -1
2019  75 14    -1
2019  75 15    -8
2019  75 16   -16
2019  75 17   -24
2019  75 18   -23
2019  75 19   -17
2019  75 20   -14
2019  75 21   -21
2019  75 22   -24
2019  75 23   -30
2019  76  0   -27
2019  76  1   -28
2019  76  2   -31
2019  76  3   -30
2019  76  4   -36
2019  76  5   -37
2019  76  6   -36
2019  76  7   -38
2019  76  8   -30
2019  76  9   -34
2019  76 10   -40
2019  76 11   -40
2019  76 12   -33
2019  76 13   -29
2019  76 14   -25
2019  76 15   -24
2019  76 16   -23
2019  76 17   -22
2019  76 18   -19
2019  76 19   -16
2019  76 20   -16
2019  76 21   -15
2019  76 22   -14
2019  76 23   -12
2019  77  0   -11
2019  77  1   -10
2019  77  2    -9
2019  77  3    -9
2019  77  8    -8
2019  78 10    15
2019  78 11    12
2019  78 12     6
2019  78 13     6
2019  78 14     5
2019  78 15     3
2019  78 16     3
2019  78 17     2
2019  78 18     4
2019  78 19     2
2019  78 20    -4
2019  78 21   -13
2019  84  1    23
2019  84  2    20
2019  84  3    18
2019  84  4    16
2019  84  5    13
2019  84  6    13
2019  84  9    11
2019  84 18     8
2019  84 19     9
2019  84 20    10
2019  84 21    11
2019  84 22     9
2019  84 23     7
2019  85  0     7
2019  85  1     4
2019  85  2     4
2019  85  3     2
2019  85  4    -4
2019  85  5    -3
2019  85  6     2
2019  85  7     2
2019  85  8     3
2019  85  9     4
2019  85 10     6
2019  85 11     8
2019  85 12     8
2019  85 13     7
2019  85 14     7
2019  85 15     6
2019  85 16     5
2019  85 17     2
2019  85 18     3
2019  85 19     6
2019  85 20     7
2019  85 21     6
2019  85 22     3
2019  86  5     3
2019  86  6     5
2019  86  9    -4
2019  86 10    -5
2019  86 11    -5
2019  86 12    -3
2019  86 20    -3
2019  86 21    -4
2019  86 22    -1
2019  86 23     1
2019  87  0     2
2019  87  1     7
2019  87  2    12
2019  87  3    11
2019  87  4     3
2019  87  5    -3
2019  87  6    -9
2019  87  7   -11
2019  87  8    -7
2019  87  9    -4
2019  87 10    -2
2019  87 11    -1
2019  87 12    -4
2019  87 13    -5
2019  87 14    -9
2019  87 15    -5
2019  87 16    -3
2019  87 17    -7
2019  87 18    -7
2019  87 19    -9
2019  87 20    -9
2019  87 21   -11
2019  87 22    -8
2019  87 23    -4
2019  88  0    -2
2019  88  1     2
2019  88  2     5
2019  90  2     3
2019  90  3    -1
2019  90  4    -8
2019  90  5    -9
2019  90  6    -7
2019  90  7    -8
2019  90 10     0
2019  90 11     0
2019  90 12     1
2019  91  7   -19
2019  91  8   -22
2019  91  9   -28
2019  91 10   -28
2019  91 21   -14
2019  92 17   -14
2019  92 18   -12
2019  92 19   -13
2019  92 20   -16
2019  92 21   -15
2019  92 22    -8
2019  92 23    -4
2019  93  2   -14
2019  93  3   -17
2019  93  4   -18
2019  93  5   -21
2019  93  9   -20
2019  93 10   -26
2019  93 11   -29
2019  93 12   -22
2019  93 13   -18
2019  93 15   -15
2019  93 16   -22
2019  93 17   -22
2019  93 18   -22
2019  93 19   -17
2019  93 20   -14
2019  93 21   -21
2019  93 22   -27
2019  93 23   -22
2019  94  2   -24
2019  94  8   -10
2019  94  9   -11
2019  94 10   -20
2019  94 11   -31
2019  94 12   -30
2019  94 13   -26
2019  94 14   -21
2019  94 15   -21
2019  94 16   -30
2019  94 17   -33
2019  94 18   -29
2019  94 19   -27
2019  94 20   -21
2019  94 21   -19
2019  94 22   -20
2019  94 23   -18
2019  95  0   -18
2019  95  1   -15
2019  95  2   -16
2019  95  3   -18
2019  95  4   -19
2019  95  5   -19
2019  95  6   -22
2019  95  7   -20
2019  95  8   -19
2019  95  9   -18
2019  95 10   -15
2019  95 11   -13
2019  95 12   -13
2019  95 13   -15
2019  95 14   -19
2019  95 15   -20
2019  95 16   -19
2019  95 17   -15
2019  95 18   -15
2019  98  4    -9
2019  98  5   -22
2019  98  6   -20
2019  98  7   -11
2019  98  9    -8
2019  98 10   -10
2019  98 11    -7
2019  98 12    -5
2019  98 13   -12
2019  98 15   -11
2019  98 16   -15
2019  98 17   -17
2019  98 22   -23
2019  98 23   -22
2019  99  0   -21
2019  99  1   -21
2019  99  2   -22
2019  99  3   -18
2019  99  4   -16
2019  99  7   -15
2019  99  8   -17
2019  99  9   -17
2019  99 10   -17
2019  99 11   -12
2019  99 12   -10
2019  99 13   -10
2019  99 21    -4
2019  99 22    -2
2019  99 23    -1
2019 100  0   -10
2019 100  1   -19
2019 100  2   -25
2019 100  3   -33
2019 100  4   -34
2019 100  5   -34
2019 100  6   -26
2019 100  7   -21
2019 100  8   -18
2019 100  9   -16
2019 100 10   -14
2019 100 11   -14
2019 100 12   -13
2019 100 13   -12
2019 102 23    -6
2019 103  0    -8
2019 103  3   -13
2019 105  5    -6
2019 105  6    -6
2019 105  7     3
2019 105  8     2
2019 105  9    -4
2019 105 10    -3
2019 105 16     0
2019 105 17    -6
2019 105 18    -8
2019 105 19   -10
2019 105 20   -14
2019 106  2   -10
2019 106  3   -13
2019 106  4   -10
2019 108  7     3
2019 108  8     4
2019 108  9     4
2019 108 10     2
2019 108 11    -1
2019 109  9     2
2019 109 10     6
2019 109 11     4
2019 109 12    -4
2019 109 13    -8
2019 109 14    -9
2019 109 17    -1
2019 109 18    -1
2019 109 19     3
2019 109 21     5
2019 109 22     5
2019 110 11     2
2019 110 12     6
2019 110 19     2
2019 110 20    -1
2019 110 21    -3
2019 110 22    -5
2019 110 23    -3
2019 111  0    -3
2019 111  1    -3
2019 111  2    -4
2019 111  3    -6
2019 111  4    -5
2019 111  5    -3
2019 111  6    -2
2019 111  7    -1
2019 111 10    -8
2019 111 11    -9
2019 111 12    -7
2019 111 13    -5
2019 111 14    -3
2019 111 17     0
2019 111 19     2
2019 111 20     3
2019 111 21     2
2019 111 22     1
2019 111 23    -1
2019 112  0     0
2019 112  1     2
2019 112  2     2
2019 112  3     2
2019 112  4     2
2019 112  5     2
2019 112  6     1
2019 112  7    -2
2019 112  8     0
2019 112  9     1
2019 112 10     3
2019 113 15    -6
2019 113 16    -2
2019 113 17     4
2019 113 18    11
2019 113 19     6
2019 113 20   -10
2019 113 21    -9
2019 113 22    -4
2019 113 23    -8
2019 114  0   -10
2019 114  1    -9
2019 114  2   -10
2019 114  3   -15
2019 114  4   -16
2019 114  5   -13
2019 114 15    -6
2019 114 20    -7
2019 114 21    -8
2019 114 22    -7
2019 114 23    -3
2019 115  0     0
2019 115  1     2
2019 115  2    -4
2019 115  3    -5
2019 115  4     0
2019 115  5    -2
2019 115  6    -5
2019 115  7    -2
2019 115  8     0
2019 115  9     0
2019 115 10     1
2019 115 11     2
2019 115 12    -4
2019 115 13    -4
2019 115 14    -3
2019 115 15    -2
2019 117  2   -11
2019 117  3   -11
2019 117  8    -9
2019 117  9   -12
2019 117 10   -13
2019 117 19   -11
2019 117 20   -11
2019 117 21   -13
2019 118  9     0
2019 120  7    -4
2019 120  8    -2
2019 120 11     2
2019 120 19    -5
2019 121  3     2
2019 121  6    -1
2019 121  7    -1
2019 121  8     0
2019 121  9    -4
2019 121 10    -5
2019 121 12     5
2019 121 13     6
2019 121 14     6
2019 121 15     4
2019 121 16     8
2019 121 17     7
2019 121 18    -1
2019 121 19    -8
2019 121 20   -19
2019 121 21   -19
2019 121 22    -7
2019 121 23    -6
2019 122  0    -6
2019 122  1    -7
2019 122  2   -11
2019 122  3   -22
2019 122 18   -13
2019 122 21    -4
2019 122 22    -2
2019 122 23    -6
2019 123  0    -7
2019 123  1   -10
2019 123  2   -15
2019 123  3   -17
2019 123  4   -17
2019 123  5   -16
2019 123  6   -13
2019 123  7   -13
2019 123  8   -12
2019 123  9   -12
2019 123 10   -12
2019 123 11   -11
2019 123 12    -8
2019 123 13    -5
2019 123 14    -7
2019 123 15    -6
2019 123 16    -3
2019 123 17    -2
2019 123 18    -1
2019 123 19    -4
2019 123 20    -7
2019 123 21    -6
2019 123 22    -8
2019 123 23   -10
2019 124  0    -7
2019 124  1    -1
2019 124  2     3
2019 124  3     3
2019 124  4    -1
2019 124  5    -2
2019 124  6    -6
2019 124  7   -15
2019 124  9   -22
2019 124 10   -14
2019 124 11    -9
2019 126 20    -7
2019 126 23    -8
2019 129  7    10
2019 129  9     7
2019 129 10     4
2019 129 11     5
2019 129 12     7
2019 129 16     7
2019 129 17     4
2019 130 18    13
2019 130 19     8
2019 130 20     0
2019 130 21    -2
2019 130 22    -5
2019 130 23   -14
2019 131  0   -25
2019 131  1   -31
2019 131  2   -35
2019 131  3   -34
2019 131  4   -32
2019 131  7   -26
2019 131  8   -39
2019 131  9   -41
2019 131 10   -40
2019 131 11   -39
2019 131 12   -32
2019 131 13   -35
2019 131 14   -40
2019 131 15   -48
2019 131 16   -46
2019 131 17   -43
2019 131 18   -44
2019 131 19   -47
2019 131 20   -50
2019 131 21   -51
2019 131 22   -44
2019 131 23   -32
2019 132  0   -29
2019 132  1   -29
2019 132  2   -30
2019 132  3   -29
2019 132  4   -27
2019 132  5   -25
2019 132  6   -21
2019 132  7   -20
2019 132  8   -19
2019 132  9   -19
2019 132 10   -16
2019 132 11   -14
2019 132 12   -11
2019 132 13    -9
2019 132 14   -11
2019 132 15   -12
2019 132 16    -8
2019 132 17    -9
2019 132 18   -11
2019 132 19   -11
2019 132 20   -12
2019 132 21   -11
2019 132 22   -12
2019 132 23   -15
2019 133  0   -16
2019 133  1   -15
2019 133  2   -12
2019 133  3   -13
2019 133  4   -12
2019 133  5    -9
2019 133  6    -6
2019 133  7    -4
2019 133  8     0
2019 133  9    -1
2019 133 10    -7
2019 133 11   -10
2019 133 12    -4
2019 133 13    -1
2019 133 14    -2
2019 133 15    -9
2019 133 16   -17
2019 133 17   -22
2019 133 18   -18
2019 133 19   -15
2019 133 20   -13
2019 133 21   -14
2019 133 23    -9
2019 134  0    -3
2019 134  1   -12
2019 134  2    -6
2019 134  3    -5
2019 134  4   -15
2019 134  5   -42
2019 134  6   -55
2019 134  7   -65
2019 134  8   -58
2019 134  9   -54
2019 134 10   -50
2019 134 11   -50
2019 134 12   -46
2019 134 13   -36
2019 134 14   -35
2019 134 15   -37
2019 134 16   -36
2019 134 17   -34
2019 134 18   -38
2019 134 19   -42
2019 134 20   -43
2019 134 21   -42
2019 134 22   -38
2019 134 23   -36
2019 135  0   -33
2019 135  1   -26
2019 135  2   -23
2019 135  3   -21
2019 135  4   -20
2019 135  5   -16
2019 135  6    -8
2019 135  7    -2
2019 135  8    -2
2019 135  9    -3
2019 135 10    -5
2019 135 11    -7
2019 135 12    -4
2019 135 13    -1
2019 135 14    -4
2019 135 15     0
2019 135 16    -1
2019 135 17     4
2019 135 18     4
2019 135 19     0
2019 135 20    -6
2019 135 21    -6
2019 135 22    -6
2019 135 23    -5
2019 136  0    -4
2019 136  1     0
2019 136  2    -2
2019 136  4    -8
2019 136  5    -9
2019 136  6    -8
2019 136  7    -8
2019 136  8    -6
2019 136  9    -4
2019 136 10    -5
2019 136 11    -6
2019 136 12    -6
2019 136 13    -6
2019 136 14    -9
2019 136 15    -9
2019 136 16    -7
2019 136 17     1
2019 136 18     0
2019 136 19    -3
2019 136 20    -7
2019 136 21    -9
2019 136 22    -6
2019 136 23   -10
2019 137  0    -9
2019 137  2    -1
2019 137  3    -4
2019 137  8    -3
2019 137  9    -3
2019 137 10    -3
2019 137 11    -5
2019 137 12    -7
2019 137 13   -10
2019 137 14    -9
2019 137 21    -4
2019 137 22    -6
2019 137 23    -5
2019 138  0    -2
2019 138  1    -3
2019 138  2    -6
2019 138  3    -9
2019 138  4    -9
2019 138  5   -10
2019 138  6    -8
2019 138  7    -9
2019 138  8   -10
2019 138  9   -12
2019 138 10   -10
2019 138 11    -9
2019 138 12    -7
2019 138 13    -9
2019 139  9    -4
2019 139 10    -4
2019 139 11    -5
2019 139 13    -3
2019 139 20     4
2019 139 21     6
2019 139 22     6
2019 139 23     6
2019 140  0     4
2019 140  1    -3
2019 140  2    -6
2019 140  3    -3
2019 140  4    -2
2019 140  5    -2
2019 140  6    -6
2019 140  7    -8
2019 140  8    -5
2019 140  9    -3
2019 140 10    -2
2019 140 11     1
2019 140 12     3
2019 140 13     3
2019 140 14    -1
2019 140 16    -3
2019 140 17    -1
2019 140 18    -2
2019 140 19    -5
2019 143  8     7
2019 143 14     3
2019 143 15     2
2019 143 16    -2
2019 143 17    -4
2019 143 18    -5
2019 143 19    -7
2019 143 20   -11
2019 143 21   -16
2019 143 22   -21
2019 143 23   -21
2019 144  1   -10
2019 144  2   -10
2019 144  3   -12
2019 144  4   -14
2019 144 19    -2
2019 144 20    -3
2019 147  1    20
2019 147  2    13
2019 147  3    18
2019 147  4    16
2019 147  5    17
2019 147  6    16
2019 147  7     5
2019 147  8    -1
2019 147  9   -12
2019 147 10   -11
2019 147 11    -9
2019 147 12   -10
2019 147 13   -12
2019 147 14   -12
2019 147 15   -12
2019 147 16   -10
2019 147 17    -4
2019 147 18    -4
2019 147 19    -9
2019 147 20   -13
2019 147 21   -16
2019 147 22   -15
2019 147 23   -14
2019 148  0   -12
2019 148  1   -10
2019 148  2    -9
2019 148  3    -9
2019 148  4    -6
2019 148  5    -5
2019 148  6    -4
2019 148  7    -4
2019 148  8    -3
2019 148  9    -4
2019 148 10     0
2019 148 11     0
2019 148 12     1
2019 148 13     3
2019 148 14     1
2019 148 15     5
2019 148 16     6
2019 148 17    10
2019 148 18    10
2019 148 19     1
2019 148 20    -3
2019 148 21    -1
2019 148 22     0
2019 148 23     0
2019 149  1     1
2019 149  2    -7
2019 149  3   -14
2019 149  4   -22
2019 149  5   -26
2019 149  6   -28
2019 149  7   -23
2019 149  8   -17
2019 149  9   -17
2019 149 10   -21
2019 155 10    -2
2019 155 11    -2
2019 155 12     0
2019 155 13     3
2019 155 14     2
2019 155 15    -1
2019 155 16    -8
2019 155 17   -16
2019 155 18   -18
2019 155 19   -19
2019 155 20   -24
2019 155 21   -25
2019 155 22   -21
2019 156  1   -12
2019 156  2    -9
2019 156  4    -6
2019 156  5    -7
2019 156  6   -10
2019 158  9     4
2019 158 12     6
2019 158 13     7
2019 158 14     3
2019 158 15     3
2019 158 16     1
2019 158 17     2
2019 158 18     2
2019 158 19     3
2019 158 20     4
2019 158 21     3
2019 158 22     5
2019 158 23     3
2019 159  0     0
2019 159  1     0
2019 159  4     2
2019 159  5     2
2019 159 20    -2
2019 159 21    -9
2019 159 22    -8
2019 159 23   -13
2019 160  0   -13
2019 160  1   -11
2019 160  2    -8
2019 160  3    -7
2019 160  4   -10
2019 163  5     7
2019 163 11    11
2019 163 12     7
2019 163 13    10
2019 163 14     7
2019 163 15     6
2019 163 22     0
2019 163 23     0
2019 164  0     4
2019 164  1     6
2019 164  2     4
2019 164  3     4
2019 164  4     2
2019 164  5     6
2019 164  8     6
2019 164  9     4
2019 164 10     4
2019 164 11     5
2019 164 12     6
2019 164 13     6
2019 164 14     2
2019 164 15     3
2019 164 16     7
2019 164 17     9
2019 164 18    14
2019 164 19    14
2019 164 20    11
2019 164 21    11
2019 164 22     7
2019 164 23    -6
2019 165  0    -7
2019 165  1    -3
2019 165  2     1
2019 165  3     1
2019 165  4    -1
2019 165  5    -5
2019 165  6    -8
2019 165  7    -4
2019 166  4     2
2019 166 10     0
2019 166 11    -2
2019 166 12    -3
2019 166 13    -1
2019 168 21     4
2019 169  0     7
2019 169  1     7
2019 169  2     8
2019 169 21    10
2019 169 22    11
2019 170  0     7
2019 170 23     9
2019 171  1    10
2019 171  2    12
2019 171  3    15
2019 171 16    -6
2019 171 17    -3
2019 171 18    -2
2019 171 19     0
2019 171 20    -2
2019 171 21    -6
2019 171 22    -8
2019 171 23    -4
2019 172  0     3
2019 172  1     8
2019 172  2    14
2019 172  3    16
2019 172  4    15
2019 172  5     9
2019 172  6     6
2019 172  7     5
2019 172  8     4
2019 172 11     0
2019 172 14     4
2019 172 15     2
2019 172 16     1
2019 172 17     2
2019 172 18     3
2019 172 19     6
2019 172 20     7
2019 172 23     5
2019 175  2    13
2019 175  3     9
2019 177  4     6
2019 177  5     3
2019 177  6     2
2019 177  7     4
2019 177  8     1
2019 179  1     8
2019 179  2     7
2019 179  3     5
2019 179  4     4
2019 179  5     2
2019 179  6     3
2019 179  7     0
2019 179 15    -2
2019 179 16    -3
2019 179 17    -4
2019 181 23     5
2019 182  0     0
2019 182  1    -4
2019 182  2    -6
2019 182  3    -6
2019 182  4    -8
2019 182  5   -11
2019 182  6   -17
2019 182  7   -15
2019 182  8   -13
2019 182  9    -9
2019 182 10    -8
2019 182 11    -7
2019 183 11    -4
2019 183 12    -8
2019 183 13   -11
2019 183 14   -12
2019 183 15   -13
2019 183 16   -15
2019 184  1     8
2019 184  7    -8
2019 184  8   -11
2019 184  9    -7
2019 184 11     2
2019 184 12     4
2019 184 13     5
2019 184 14     5
2019 184 15     5
2019 184 16     7
2019 184 18    -3
2019 184 19    -4
2019 185  9     0
2019 185 10     1
2019 185 11     2
2019 185 12     4
2019 185 13     2
2019 185 14    -2
2019 185 15    -4
2019 185 16    -5
2019 185 17    -6
2019 185 21     1
2019 185 22     1
2019 185 23     2
2019 186  2     6
2019 186  3     4
2019 186  4     4
2019 186 15     0
2019 186 16     0
2019 186 17     1
2019 186 18     1
2019 186 19     0
2019 186 20     2
2019 186 21     3
2019 189  0    -5
2019 189  1    -7
2019 189  7   -12
2019 189 19    15
2019 190  0    19
2019 190  1     7
2019 190  2    -1
2019 190  3    -8
2019 190  4   -15
2019 190  5   -17
2019 190  6   -14
2019 190  7   -10
2019 190  8   -13
2019 190 11    -4
2019 190 12    -1
2019 190 13    -2
2019 190 14    -3
2019 190 15     1
2019 190 16     1
2019 190 17     3
2019 190 18     8
2019 190 19     0
2019 190 20   -16
2019 190 21   -11
2019 190 22    -8
2019 190 23    -5
2019 191  0    -1
2019 191  1    -2
2019 191  2    -4
2019 191  3    -7
2019 191  4   -19
2019 191  5   -32
2019 191  6   -29
2019 191  7   -27
2019 191  8   -25
2019 191  9   -32
2019 191 14   -24
2019 191 15   -24
2019 191 16   -20
2019 191 19   -10
2019 191 20    -7
2019 191 23   -17
2019 192  0   -22
2019 192  1   -20
2019 192  2   -16
2019 192  3   -12
2019 192  7   -17
2019 192  8   -24
2019 192  9   -23
2019 193  8   -24
2019 193  9   -25
2019 193 10   -21
2019 193 11   -22
2019 193 12   -23
2019 193 13   -21
2019 193 19   -13
2019 193 20    -8
2019 193 21    -3
2019 193 22     1
2019 193 23     3
2019 194  0     4
2019 194  1     4
2019 194  2     1
2019 194  3    -4
2019 194  4    -7
2019 194 20    -8
2019 195  1    -2
2019 196  4    -7
2019 196  5    -3
2019 196  6    -2
2019 196  7    -3
2019 196  8    -2
2019 196  9     1
2019 196 10    -3
2019 196 11    -9
2019 196 13    -4
2019 196 14    -6
2019 197  3    -8
2019 198  3   -11
2019 198  4   -14
2019 198  7    -6
2019 199 16    -4
2019 199 17    -3
2019 202  6     2
2019 202 19    12
2019 202 21     0
2019 203  4    12
2019 203  5     5
2019 203  6    -2
2019 203  7    -1
2019 203  8    -8
2019 203  9   -14
2019 203 10   -16
2019 203 11   -10
2019 203 13   -12
2019 204  7     1
2019 204  8     2
2019 204  9     3
2019 204 10     1
2019 204 12    11
2019 204 13    -1
2019 205 22    -5
2019 205 23    -2
2019 208 10    10
2019 208 11    12
2019 208 13    10
2019 208 18     5
2019 208 19     1
2019 208 20     0
2019 208 21    -3
2019 208 22    -3
2019 208 23    -5
2019 209  0    -4
2019 209  4    -6
2019 209  5    -4
2019 211 13     3
2019 211 14     8
2019 211 15     9
2019 211 16     1
2019 211 17     1
2019 211 18    -4
2019 211 19    -6
2019 211 20    -4
2019 211 21    -1
2019 211 22    10
2019 211 23     8
2019 212  0     4
2019 212  1     3
2019 212  2     1
2019 212  3    -3
2019 212  4    -5
2019 212  7    -1
2019 212  8    -3
2019 212  9     1
2019 212 10     5
2019 212 11     3
2019 212 12     0
2019 212 13     0
2019 212 14     1
2019 212 15     3
2019 212 16     7
2019 212 17     8
2019 212 18     8
2019 212 19     7
2019 212 20     7
2019 212 21     5
2019 212 22     6
2019 212 23     5
2019 213  0     4
2019 216 14     4
2019 217  4    16
2019 217  5     5
2019 217  6     8
2019 217  7   -11
2019 217  8   -28
2019 217  9   -50
2019 217 10   -48
2019 217 11   -48
2019 217 12   -49
2019 217 13   -45
2019 217 14   -46
2019 217 15   -46
2019 217 16   -51
2019 217 17   -47
2019 217 18   -47
2019 220  6   -20
2019 220  9   -21
2019 220 10   -19
2019 220 11   -17
2019 220 12   -18
2019 220 13   -19
2019 220 14   -22
2019 220 17   -17
2019 220 20   -22
2019 220 23   -16
2019 221  0   -14
2019 221  1   -12
2019 221  2   -12
2019 221  3   -12
2019 221  4   -10
2019 221  5    -7
2019 221  6    -5
2019 221  7    -9
2019 221 16   -12
2019 221 18    -5
2019 221 19    -8
2019 221 20    -8
2019 221 21    -7
2019 221 22   -10
2019 223 15   -12
2019 223 16    -9
2019 224  8     4
2019 224  9     2
2019 224 14     0
2019 224 15    -1
2019 225  1    -3
2019 225  2   -10
2019 225  3    -6
2019 225  4    -5
2019 225  5    -4
2019 225  6    -3
2019 225  7    -1
2019 225  8     0
2019 225 10    -3
2019 225 11    -5
2019 225 12    -2
2019 225 13    -1
2019 226  2   -17
2019 227 22    -1
2019 229 18     0
2019 229 19    -2
2019 229 20     2
2019 229 21     4
2019 229 22     5
2019 229 23     8
2019 230  0     9
2019 230  1     5
2019 230  2    -1
2019 230  3    -4
2019 230  4    -2
2019 230  5    -4
2019 230  6    -4
2019 230  7    -6
2019 232  0    -2
2019 232  1    -1
2019 232  2     5
2019 232  3     6
2019 232  4     5
2019 232  5     4
2019 232  6     6
2019 232  7     5
2019 232  8     0
2019 232  9     0
2019 232 10     5
2019 232 11     7
2019 232 12     5
2019 233  5    -1
2019 237 23     4
2019 238  0     4
2019 238  1     2
2019 238 22     1
2019 238 23     1
2019 239  5    -6
2019 239  6    -4
2019 239  7    -5
2019 239  8    -4
2019 239  9    -5
2019 239 10    -9
2019 239 11    -9
2019 239 12   -12
2019 239 13   -11
2019 239 14    -5
2019 239 15    -3
2019 239 16    -5
2019 239 17    -8
2019 239 18   -14
2019 240  2    -2
2019 241 18     3
2019 242 12     9
2019 242 13    12
2019 242 14     9
2019 242 15     4
2019 242 16     5
2019 242 17    -3
2019 242 18    -9
2019 242 19    -6
2019 242 20    -3
2019 242 21    -1
2019 242 22    -7
2019 242 23   -11
2019 243  0   -11
2019 243  1   -13
2019 243  2   -27
2019 243  3   -31
2019 243  4   -25
2019 243  5   -22
2019 243  6   -31
2019 243  7   -35
2019 243  8   -28
2019 243  9   -23
2019 243 10   -16
2019 243 11   -23
2019 243 12   -28
2019 243 13   -22
2019 243 14   -28
2019 243 15   -31
2019 243 16   -27
2019 243 17   -32
2019 243 18   -33
2019 243 19   -35
2019 243 20   -35
2019 243 21   -35
2019 243 22   -36
2019 243 23   -40
2019 244  0   -36
2019 244  1   -33
2019 244  2   -29
2019 244  3   -26
2019 244  4   -33
2019 244  5   -45
2019 244  6   -52
2019 244  7   -46
2019 244  8   -37
2019 244  9   -29
2019 244 10   -39
2019 244 11   -37
2019 244 12   -36
2019 244 13   -38
2019 244 14   -38
2019 244 15   -43
2019 244 16   -37
2019 244 17   -37
2019 244 18   -37
2019 244 19   -42
2019 244 20   -50
2019 244 21   -46
2019 244 22   -40
2019 244 23   -41
2019 245  0   -47
2019 245  1   -47
2019 245  2   -38
2019 245  3   -32
2019 245  4   -35
2019 247 10   -21
2019 247 11   -19
2019 247 12   -20
2019 247 13   -20
2019 247 14   -18
2019 247 15   -17
2019 248  1   -20
2019 248  3   -36
2019 249  3    -9
2019 249  9   -18
2019 249 10   -21
2019 249 11   -23
2019 249 12   -23
2019 249 13   -21
2019 249 14   -18
2019 249 15   -19
2019 249 16   -18
2019 249 18   -23
2019 249 19   -22
2019 249 20   -21
2019 249 21   -18
2019 249 22   -18
2019 249 23   -17
2019 250  0   -13
2019 250  1   -11
2019 250  2   -11
2019 250  3   -11
2019 250  4   -11
2019 251  1   -13
2019 251  2   -10
2019 251  6   -17
2019 251 15   -20
2019 251 17   -17
2019 251 18   -14
2019 251 19   -15
2019 251 20   -22
2019 252  6   -18
2019 252  8   -11
2019 252  9    -9
2019 252 10   -15
2019 252 11   -23
2019 252 12   -25
2019 253  2   -16
2019 253  3   -14
2019 253  4   -14
2019 253  5   -16
2019 253  6   -12
2019 253  7    -7
2019 253  8    -6
2019 255 13    -7
2019 255 16    -6
2019 255 18   -10
2019 255 19   -11
2019 255 20   -10
2019 255 21   -13
2019 255 22    -9
2019 255 23    -5
2019 256  0     1
2019 256  1     2
2019 256  2     0
2019 256  3     4
2019 256  4     0
2019 256  5    -1
2019 256  6     2
2019 256  7     6
2019 256  8     7
2019 256  9     5
2019 256 10     2
2019 256 11    -1
2019 256 12    -3
2019 256 13    -6
2019 256 14    -4
2019 256 15    -3
2019 256 16    -1
2019 256 17    -2
2019 258  8    -5
2019 258  9    -4
2019 258 10    -3
2019 258 11    -1
2019 258 12    -1
2019 258 13    -2
2019 258 15     2
2019 258 16     2
2019 258 17     1
2019 258 18    -6
2019 258 19   -15
2019 259  3   -11
2019 259  4    -9
2019 259  5    -7
2019 259 21    -1
2019 259 23    -3
2019 260  7     4
2019 260  9     3
2019 260 10     1
2019 260 13    -5
2019 260 14    -6
2019 260 15    -6
2019 260 16    -5
2019 260 19    -1
2019 260 21    -5
2019 264  7    10
2019 264  8     1
2019 264  9    -8
2019 264 10   -14
2019 264 11   -14
2019 264 12   -10
2019 264 13    -7
2019 265 16     7
2019 265 17     9
2019 265 23     1
2019 266  0     1
2019 266  1     1
2019 266  2     3
2019 266  3     3
2019 266 17    -7
2019 266 18    -4
2019 267  3    -5
2019 267  4   -13
2019 267  5   -19
2019 267  6   -24
2019 267  7   -25
2019 267 13    -3
2019 267 18     3
2019 267 19     7
2019 267 20     6
2019 267 21     1
2019 267 22     1
2019 267 23    -1
2019 268  3     3
2019 270 12     8
2019 270 13     1
2019 270 14    -2
2019 270 15   -10
2019 270 16   -10
2019 270 17    -8
2019 270 18   -15
2019 270 19   -15
2019 270 20   -29
2019 270 21   -41
2019 270 22   -48
2019 270 23   -49
2019 271  0   -39
2019 271  1   -34
2019 271  2   -33
2019 271  3   -31
2019 271  4   -33
2019 271  5   -32
2019 271  6   -32
2019 271  7   -33
2019 271  8   -31
2019 271  9   -27
2019 272 18   -18
2019 272 19   -18
2019 272 20   -19
2019 272 21   -18
2019 272 22   -21
2019 272 23   -30
2019 273  0   -29
2019 273  1   -30
2019 273  2   -33
2019 273  3   -33
2019 273  5   -26
2019 273  7   -28
2019 273  8   -26
2019 273  9   -27
2019 273 10   -27
2019 273 11   -23
2019 273 12   -26
2019 273 13   -29
2019 273 14   -28
2019 273 15   -27
2019 273 16   -22
2019 273 17   -16
2019 273 20    -9
2019 273 21   -10
2019 273 22   -12
2019 273 23    -9
2019 274  0    -7
2019 274  1    -9
2019 274  2   -19
2019 274  3   -25
2019 274  5   -30
2019 274  6   -37
2019 274  7   -38
2019 274  8   -36
2019 275  3   -15
2019 275  6   -12
2019 275  7   -11
2019 275  8   -10
2019 275  9   -10
2019 275 13   -10
2019 275 19    -3
2019 277  8     4
2019 277  9     4
2019 277 10    15
2019 277 13     8
2019 277 14     3
2019 277 15     2
2019 278 14     0
2019 278 15     0
2019 278 16     4
2019 278 18    -2
2019 278 21    -2
2019 278 22     2
2019 278 23     3
2019 279  0     4
2019 279  2    -2
2019 279  3    -5
2019 279  4   -10
2019 279  5   -11
2019 279  6    -9
2019 280 15    -8
2019 280 16    -9
2019 280 17    -9
2019 282  7   -12
2019 282  8   -12
2019 282  9   -11
2019 282 10   -15
2019 282 11   -15
2019 282 12    -8
2019 282 13    -6
2019 282 14    -5
2019 282 15    -1
2019 282 16     4
2019 282 17     4
2019 282 18     7
2019 282 19     6
2019 282 20    -4
2019 282 21    -5
2019 282 22     0
2019 282 23     5
2019 283  0     5
2019 283  1     5
2019 283  2     7
2019 283  3     3
2019 283  4    -2
2019 283  5   -14
2019 283  6   -21
2019 283  7   -27
2019 283  8   -20
2019 283  9   -13
2019 283 10   -12
2019 283 11   -14
2019 283 12   -15
2019 283 13   -16
2019 283 14   -14
2019 283 15   -19
2019 283 16   -20
2019 283 17   -13
2019 287 12     9
2019 287 13     9
2019 287 14     3
2019 287 15     3
2019 287 16     2
2019 287 17     1
2019 287 18     1
2019 287 19    -3
2019 287 20    -4
2019 287 21    -7
2019 287 22    -6
2019 287 23     0
2019 288  0     1
2019 288  1     3
2019 288  4     1
2019 288  5    -1
2019 288  6     1
2019 288  9     6
2019 288 11     9
2019 288 12     9
2019 288 15     9
2019 288 16    10
2019 288 18    16
2019 288 19    13
2019 288 20    16
2019 288 21    21
2019 289  2    14
2019 289  3     7
2019 289  4     0
2019 289  9     0
2019 289 10     4
2019 289 11     5
2019 289 12     4
2019 289 13     5
2019 289 14     2
2019 289 18     4
2019 289 19     4
2019 289 20     0
2019 293 20     6
2019 293 21     1
2019 293 22    -2
2019 293 23    -4
2019 294  0    -6
2019 294  5     3
2019 297 10     4
2019 297 11     3
2019 297 12    -1
2019 297 13    -5
2019 297 14    -5
2019 297 15    -6
2019 297 16   -14
2019 297 17   -12
2019 297 18   -16
2019 297 19   -15
2019 297 20   -17
2019 297 21   -17
2019 297 22   -17
2019 297 23    -9
2019 298  0    -8
2019 298  1   -12
2019 298  2   -21
2019 298  3   -27
2019 298  4   -32
2019 298  5   -39
2019 298  6   -41
2019 298  7   -40
2019 298  8   -46
2019 298  9   -38
2019 298 10   -32
2019 298 11   -30
2019 298 13   -27
2019 298 14   -27
2019 299  4   -18
2019 299  5   -20
2019 299  6   -22
2019 299  7   -24
2019 299  8   -24
2019 299  9   -29
2019 299 10   -26
2019 299 11   -20
2019 299 12   -27
2019 299 13   -35
2019 299 14   -37
2019 299 15   -34
2019 302 16   -20
2019 302 17   -19
2019 302 20    -9
2019 302 21    -9
2019 302 22    -4
2019 302 23    -4
2019 303  0    -2
2019 303  1     0
2019 303  2     1
2019 303  3    -6
2019 303  4    -8
2019 303  5    -4
2019 303  6     3
2019 303  7    -5
2019 303  8    -9
2019 303  9    -5
2019 303 10    -3
2019 303 11    -5
2019 303 12    -7
2019 303 13    -8
2019 303 14    -8
2019 303 18   -12
2019 303 19   -19
2019 304  1    -7
2019 304  9    -6
2019 304 10    -6
2019 304 11    -6
2019 304 12    -7
2019 304 13    -7
2019 307  0    -1
2019 307  1    -2
2019 307  2    -1
2019 307  3     2
2019 308 14     6
2019 308 15     1
2019 308 16    -3
2019 308 17    -5
2019 308 18    -5
2019 308 19    -5
2019 309  6     0
2019 309  7     1
2019 309  8    -1
2019 309  9    -2
2019 309 10    -1
2019 309 11     2
2019 309 12    -1
2019 309 13    -5
2019 309 14    -7
2019 309 15    -9
2019 309 16   -12
2019 309 17   -10
2019 309 18   -12
2019 315  7     3
2019 315 10     5
2019 315 11    -8
2019 315 12   -15
2019 315 13   -17
2019 315 14   -17
2019 315 15   -17
2019 315 16   -23
2019 315 17   -21
2019 315 18   -15
2019 315 19   -16
2019 315 20   -15
2019 315 21   -15
2019 315 22    -6
2019 315 23    -1
2019 316  1     8
2019 316  2    -1
2019 316  3    -3
2019 316  4    -4
2019 316  5    -1
2019 316  6    -5
2019 316  7    -7
2019 316  8    -6
2019 316  9    -8
2019 316 10    -4
2019 316 11    -1
2019 316 12     2
2019 316 13     3
2019 316 14     3
2019 316 15     4
2019 316 16     1
2019 316 17    -2
2019 316 18    -4
2019 316 19    -6
2019 316 20    -6
2019 316 21    -8
2019 316 22    -8
2019 316 23    -5
2019 317  0    -3
2019 317  1    -2
2019 317  2     0
2019 317  3    -2
2019 317  4    -2
2019 317  5     0
2019 317  6     1
2019 317  7     1
2019 317  8     1
2019 317  9     0
2019 317 10    -1
2019 317 11    -2
2019 317 12    -2
2019 317 15    -5
2019 317 16    -7
2019 317 17    -8
2019 319 19     8
2019 319 20     6
2019 319 21     5
2019 320 14     0
2019 320 15     3
2019 320 18    -1
2019 320 19    -7
2019 320 20    -1
2019 320 21     3
2019 320 22     3
2019 320 23     2
2019 321  0    -1
2019 321  1    -2
2019 324 23     9
2019 325  0     9
2019 325  1    11
2019 325  2     9
2019 325  3     5
2019 325  4     6
2019 325  5     5
2019 325  6     4
2019 325  7     2
2019 325  8     6
2019 325  9     8
2019 325 12     3
2019 325 13     3
2019 325 14    -4
2019 325 15    -5
2019 325 16    -4
2019 325 17    -8
2019 325 18    -6
2019 325 19    -7
2019 325 20    -8
2019 325 21   -12
2019 325 22    -9
2019 325 23    -5
2019 326  0    -5
2019 326  1    -6
2019 326  4   -16
2019 326  5   -18
2019 326  7   -19
2019 326 10   -13
2019 326 12   -12
2019 326 13   -12
2019 326 14   -14
2019 326 15   -14
2019 326 16   -18
2019 326 17   -18
2019 326 18   -15
2019 326 19   -17
2019 326 20   -15
2019 326 21   -17
2019 326 22   -19
2019 326 23   -16
2019 327  0   -15
2019 327  1   -15
2019 327  2   -14
2019 327  3   -12
2019 327  4   -13
2019 327  5   -12
2019 327  6   -14
2019 327  7   -18
2019 327  8   -19
2019 327  9   -21
2019 327 10   -17
2019 327 11   -16
2019 327 12   -16
2019 327 13   -16
2019 327 14   -24
2019 327 15   -28
2019 327 16   -26
2019 327 17   -21
2019 327 18   -17
2019 327 19   -18
2019 327 20   -16
2019 327 21   -15
2019 327 22   -11
2019 327 23   -10
2019 328  0   -12
2019 328  1   -11
2019 328  2   -15
2019 328  3   -17
2019 328  4   -21
2019 328  5   -22
2019 328  6   -19
2019 328  7   -17
2019 328  8   -18
2019 329 18    -9
2019 330 16    -4
2019 330 18     0
2019 330 19     1
2019 330 20     1
2019 330 21    -1
2019 332  0     5
2019 332  2     4
2019 333  2    10
2019 333  3     6
2019 333  4     4
2019 333  5     4
2019 333  6     2
2019 333 19     0
2019 333 20    -7
2019 333 21   -15
2019 333 22   -15
2019 333 23   -12
2019 334  5     2
2019 334  6     2
2019 334  7     3
2019 334  8     1
2019 334  9    -2
2019 334 10    -2
2019 334 11     0
2019 334 12     2
2019 334 13     1
2019 334 14    -3
2019 335  5     0
2019 335  6    -2
2019 336 19    -5
2019 338  2     8
2019 339 20    -2
2019 339 21     0
2019 340 13    -2
2019 340 14    -2
2019 340 16     0
2019 340 17    -4
2019 342  5    -3
2019 342  6    -3
2019 342  8    -8
2019 342  9    -7
2019 342 10    -5
2019 342 11    -3
2019 342 12     0
2019 343 22    -2
2019 343 23    -1
2019 344  0     2
2019 344  1     5
2019 344  2     5
2019 344  4    -2
2019 344  5    -7
2019 344  6    -6
2019 344  7    -7
2019 344  8    -8
2019 344  9    -8
2019 344 10   -10
2019 344 11    -4
2019 344 12    -1
2019 344 13     0
2019 344 14    -1
2019 344 15    -1
2019 344 16     1
2019 344 23     7
2019 345  0    11
2019 345  1    11
2019 345  2     9
2019 345  3     5
2019 345  9    -1
2019 345 10    -5
2019 345 11    -5
2019 346 12    -5
2019 346 21     3
2019 346 22     4
2019 346 23     0
2019 348  2     1
2019 348  5     0
2019 348 15     3
2019 348 16     3
2019 348 17     1
2019 348 18     2
2019 348 19     3
2019 348 20     5
2019 348 21     3
2019 348 22    -1
2019 348 23     0
2019 349  0    -2
2019 349  1    -1
2019 349  2     0
2019 349  3     2
2019 349  4    -1
2019 349  5    -4
2019 349  6    -2
2019 349  7    -1
2019 349  8    -1
2019 349  9    -2
2019 349 10    -3
2019 349 11    -3
2019 349 12    -1
2019 349 13    -2
2019 349 14     0
2019 349 15     1
2019 352  3    15
2019 352  4    11
2019 352  5    13
2019 352  6    14
2019 352  7    12
2019 352  8    14
2019 352  9    15
2019 352 10    10
2019 352 11    -3
2019 352 12    -6
2019 352 13   -13
2019 352 14   -13
2019 352 15   -11
2019 352 16   -17
2019 352 17   -24
2019 352 18   -28
2019 352 19   -25
2019 352 20   -24
2019 352 23   -14
2019 353  0   -12
2019 353  1   -13
2019 353  2   -16
2019 353  3   -16
2019 353  4   -21
2019 353  5   -14
2019 353  7   -23
2019 353  8   -22
2019 356  6   -11
2019 356 11   -11
2019 356 12   -14
2019 356 13   -14
2019 356 15   -12
2019 356 21   -16
2019 356 22   -16
2019 356 23   -16
2019 357  0   -15
2019 357  1   -13
2019 357  2   -12
2019 357  3   -12
2019 357  4   -11
2019 357  5   -11
2019 357  6   -11
2019 357  7   -13
2019 357  8   -13
2019 358  9    -7
2019 358 10    -7
2019 359  7    -3
2019 359  9    -4
2019 359 18     6
2019 359 19    -1
2019 359 20    -4
2019 359 21     3
2019 360  1     2
2019 360  2     1
2019 360  3     1
2019 360  4     5
2019 360  5     6
2019 360  6     6
2019 360  7     3
2019 360  8    -3
2019 361  7    -8
2019 363 15    -3
2019 363 16    -3
2019 363 20     3
2019 363 21     1
2019 363 22     0
2019 364  5     5
2019 364  6     7
2019 364  7     8
2019 364  9     4
2019 364 10     3
2019 364 11     3
2019 364 12     5
2019 364 13     4
2019 364 14     3
2019 364 15     1
2019 364 16     1
2019 364 17     1
2019 364 18     3
2019 364 19     5
2019 364 20     6
2019 364 21    10
2019 364 23    12
2019 365  0    10
2019 365  1    11
2019 365  2    11
2019 365 14    -5
2019 365 15    -4
2019 365 16    -5
2019 365 17    -5
